0.010164 42
0.000281 60
2.327984 1
0.217715 1
0.119246 1
0.146785 1
0.082974 1
0.112070 1
0.393614 1
0.073536 1
0.166759 1
0.031264 1
0.186929 1
0.077921 1
0.272645 2
0.000092 9
0.002321 102
1.777057 1
0.082597 1
0.129676 1
0.149353 1
0.065229 1
0.172988 1
0.077497 1
0.227007 1
0.090405 1
0.318204 11
0.002454 102
1.436083 1
0.165143 1
0.212662 1
0.195171 1
0.109182 1
0.141390 1
0.061652 1
0.153659 1
0.269509 1
0.127000 1
0.193771 1
0.118040 1
1.398316 1
0.103633 1
0.164359 1
0.035804 1
0.173968 1
0.095579 1
1.500199 11
0.002445 102
0.580150 1
0.114658 1
0.654210 4
0.168141 4
1.533641 1
0.226251 1
0.204781 1
1.344830 1
0.076704 1
0.166728 1
0.031306 1
0.209162 1
0.025822 1
0.381369 1
0.262320 1
0.333627 4
0.056619 1
0.190061 1
0.170376 1
0.106063 1
0.491965 1
0.102931 1
0.164163 1
0.156233 1
0.162845 1
0.612663 1
0.099519 1
0.191622 1
0.026157 1
0.176790 1
0.110755 1
0.236944 1
0.763885 4
0.436122 1
0.617971 1
0.262578 4
0.078554 1
0.181994 1
0.174513 1
0.073358 1
0.378967 1
0.090794 1
0.180267 1
0.089737 1
0.199320 1
0.179605 1
0.247771 1
0.169501 1
0.364485 11
0.002562 102
2.800253 1
0.070387 1
0.074587 1
0.123225 1
0.293251 1
0.246960 1
1.413001 1
0.182636 1
0.186635 1
0.597346 1
0.145114 1
0.091824 1
0.423877 1
0.174558 1
0.123903 1
0.122548 1
0.092332 1
0.503392 1
0.239773 1
0.114413 1
0.037567 1
0.121970 1
1.272374 11
0.614957 102
0.468739 1
0.158572 1
0.180556 1
0.484935 4
0.130960 1
0.103035 1
0.214695 1
0.337255 1
0.172089 1
0.139586 1
0.422466 1
0.128377 1
0.091115 1
0.313044 1
0.209543 1
0.124346 1
0.089685 1
0.100331 1
1.518023 11
0.213513 80
0.000512 38
0.000029 11
0.000004 9
0.000091 22
0.000573 38
0.000011 11
0.000006 9
0.000024 22
0.000674 40
0.000040 9
0.000090 31
0.017788 102
0.625763 1
0.171563 1
0.160866 1
0.166680 1
0.859651 17
